44
93 660 -540 -28 -155 187 108 -79 494 -677 -809 -292 -123 -64 98 -998 -617 -394 8 28 -205 -921 -171 -421 201 325 503 -807 203 855 -102 959 -669 -279 930 364 -400 -766 698 363 -622 -131 -591 103 899 626 -395 601 -8 -683 -108 -354 314 472 446 -478 827 -900 572 629 407 -883 -366 926 401 516 -273 -816 978 106 -551 -132 -455 211 -933 -903 319 -751 -999 -595 553 -347 724 -762 204 169 303 581 -199 165 422 -887 438 -834
84 86 -379 -686 -347 785 -920 37 -225 -810 -480 -534 -102 -296 476 -964 746 128 -246 -295 -527 957 821 258 -101 -334 -696 512 -706 -415 -327 -71 -520 -215 434 -498 -819 -271 10 -770 441 -501 158 966 188 883 -635 -562 -383 -678 -736 -478 -172 -92 245 -29 369 614 -882 -63 153 158 -64 53 898 -303 -617 45 -964 31 -49 386 -701 225 27 905 -10 487 -285 16 489 -818 946 644 585
99 -186 -346 -502 538 747 105 765 -634 -29 993 -657 806 -921 788 938 193 -549 -3 -742 805 964 741 -989 -460 -114 635 -122 -463 -332 48 759 635 919 833 -193 28 397 -519 235 926 -57 -492 -357 -906 966 -385 722 -867 -658 988 -52 940 -259 386 844 -249 413 804 -120 -776 -670 -298 -758 -768 464 0 963 -304 -413 -339 -854 -967 787 -590 -625 -829 -718 -813 47 62 785 295 -52 217 -940 787 -713 177 -265 923 -344 -433 384 258 552 880 627 191 662
67 63 -929 218 -664 -89 581 -548 -207 -362 -312 780 154 622 -90 -288 -882 377 223 -983 847 -617 0 -127 955 178 749 173 302 713 990 369 179 -832 934 -318 -23 213 -430 375 -714 -259 263 -651 -1 -537 605 -555 164 686 -77 651 -588 -967 602 -76 -771 -737 -591 552 340 644 217 200 247 791 -298 -72
84 54 169 613 197 -23 -914 -919 -749 605 57 328 532 237 147 -207 -992 -778 -392 -489 -62 -605 -504 118 983 -485 -863 409 691 -500 489 -717 372 589 365 -234 -174 638 -593 629 -466 425 409 -267 971 564 -864 162 -385 -72 659 797 446 235 -842 -465 -811 684 -238 -650 351 202 -959 695 876 -381 725 -54 -973 48 409 -658 -137 207 312 753 155 -753 369 88 -917 -618 81 -671 -638
100 -642 -516 592 471 -992 156 -319 -203 504 -528 155 368 -583 57 -387 722 -638 -557 862 426 -815 134 -244 -988 128 -649 358 -529 508 -534 75 664 440 -227 278 -625 -876 -899 -148 -422 749 513 -2 454 377 848 -892 -153 -748 387 27 -415 -952 -168 -162 396 -643 708 992 616 298 -7 55 144 78 896 -424 251 875 -103 559 100 -615 -165 454 54 102 164 -956 130 -442 -241 756 -598 -957 959 -368 342 521 675 247 998 -170 774 193 393 -777 -521 -497 -916
36 -34 933 325 820 -11 -53 -926 141 477 -820 -780 -214 316 897 -489 358 206 33 -296 813 74 296 64 -808 474 -661 -953 689 -486 -463 -524 -619 159 -975 -954 -108
31 315 46 28 941 333 609 600 -104 928 622 841 -175 -237 -720 722 730 737 35 271 426 -22 -424 -961 759 -611 -464 343 -570 -503 333 924
96 -656 -801 445 -454 350 938 16 882 -227 -605 294 -979 714 -160 682 -537 650 -432 831 -824 738 758 916 -911 944 586 -297 -957 924 -640 -713 -303 634 -227 -765 255 -760 926 696 -518 -915 -215 104 832 882 245 191 758 798 -659 -299 429 922 535 895 -220 711 704 950 242 -456 -139 594 989 -384 178 514 472 -918 -926 258 -943 873 -504 -124 -715 460 395 195 -96 175 -565 -852 268 734 831 948 520 -427 -259 -691 325 798 -326 -377 -611
2 -209 -181
88 176 -480 -80 -949 561 -487 649 427 -912 36 760 -494 -515 -208 -654 -203 -887 -771 -281 -664 -509 979 520 399 -72 88 -396 779 268 -691 -818 285 -931 654 -951 233 316 -534 -320 -172 -759 484 945 685 5 -653 332 -320 -247 -687 -871 -376 803 326 -36 714 857 526 -68 -741 13 203 -70 1000 385 191 717 -186 -111 923 -599 567 663 808 -426 806 466 -830 -608 -172 -655 911 -760 392 76 909 -940 -252
34 -485 -666 938 -14 634 -534 613 -613 208 485 -239 863 167 -804 456 936 -596 -385 -678 141 -175 407 939 883 918 98 -801 -659 35 773 -601 -760 -910 652
73 668 426 -272 -288 448 -162 761 -800 85 220 -557 -112 -1000 422 517 686 552 151 -550 -832 832 -860 -787 -262 64 -517 267 -264 -599 -93 -146 -103 98 212 -415 275 -937 41 -231 949 438 -733 -898 -237 962 -875 -441 -591 288 -613 -44 -81 -924 4 523 248 -679 -481 929 134 407 -745 689 906 -732 343 147 -207 -342 74 -338 -920 -86
11 392 603 -338 -688 584 30 -899 -594 905 -118 755
68 754 240 -36 -665 306 376 -146 661 507 -283 27 818 782 -980 -618 -4 24 102 -354 993 -427 606 -86 501 323 -968 -855 502 -307 49 808 801 -48 66 607 -988 782 667 -210 774 735 -167 402 635 -536 -971 -385 -43 803 360 829 139 207 0 -100 923 856 -456 777 -731 -322 -765 197 978 -546 942 341 466
69 -920 -866 729 854 -149 -667 483 859 -780 -743 163 -179 -73 153 831 -16 -535 -73 -547 -875 751 -512 267 95 -648 998 973 387 -197 969 -149 879 639 -478 852 83 749 849 -973 861 912 -954 -506 683 561 783 322 -466 784 -85 98 -374 -415 1000 -968 -75 -332 -276 -28 -454 -957 -603 997 459 109 -774 662 422 -516
99 95 667 -257 -12 -319 -739 81 799 32 -941 296 -348 178 -520 654 -471 -925 -390 415 -209 -454 -900 -822 -514 -955 337 -816 51 -683 -815 167 413 653 553 885 -612 -67 435 -615 -815 98 -229 894 -839 -814 765 -748 -968 276 -210 -597 -668 232 -846 -368 879 7 318 -978 153 -105 358 755 683 -927 511 -824 577 369 -586 823 605 568 389 -26 -340 -712 -687 -280 -78 -720 -544 -7 980 515 330 614 642 -741 456 39 590 -648 -494 184 314 736 471 -394
42 -582 7 498 657 833 777 -136 -924 -450 809 440 -568 344 543 -187 191 759 -899 -980 937 -48 -418 -890 -401 677 -274 -948 -496 995 696 -6 46 -480 -227 761 743 20 254 -658 367 -352 398
37 762 -392 300 -369 -228 -904 959 605 -776 -495 -573 783 -865 -304 -134 -262 157 399 -483 -129 -421 197 695 -481 908 268 94 567 -619 -376 636 168 -367 -254 157 617 667
25 808 -795 301 283 877 793 804 -502 -979 -819 -276 -879 37 646 -735 -542 762 -70 81 417 222 195 945 -796 -519
42 -193 665 -897 -190 -986 686 -602 796 466 -621 -392 889 -814 -719 264 653 82 -829 -677 -855 446 -507 107 437 709 -88 -532 579 -907 -807 -611 590 541 -926 874 -35 -41 117 -517 947 355 507
30 290 41 -992 857 178 640 -182 127 563 833 334 -955 -471 -998 760 -673 -143 -422 473 830 73 -704 850 82 -310 -605 -940 966 132 -5
93 487 24 178 -193 688 881 -101 198 -769 -23 609 -406 798 489 -71 -859 -319 752 38 578 -552 287 747 -186 272 328 -827 -824 -532 569 389 203 68 275 127 -900 605 240 -553 -56 -814 -776 556 493 -621 -395 -24 339 868 866 72 248 387 -517 -109 -594 -43 -224 -535 -956 972 -14 862 -492 592 -210 565 -788 712 -205 -296 470 946 -715 666 323 271 520 -636 -815 -71 662 -647 -397 993 -265 -826 -363 129 -343 -527 790 103
56 -568 -238 763 984 -591 788 291 -30 618 -512 -995 589 -882 -720 245 -340 -786 72 300 -508 243 -967 566 -540 592 707 25 512 778 499 161 375 812 550 -215 -92 91 257 -622 970 379 -229 380 902 209 -914 497 -195 -138 -648 -450 782 -44 -86 -496 -582
39 -675 -381 -759 -88 267 844 -683 -4 -764 476 -462 -703 -487 665 374 827 -520 -152 -556 -797 439 770 -242 458 -593 -603 98 -928 199 976 -82 -588 979 342 609 -707 -407 419 -575
81 882 21 -722 -818 891 -111 -347 931 516 -514 445 -640 -145 -602 -420 -501 -97 -139 881 -66 -850 277 403 914 -459 87 -464 957 -75 509 952 -537 -348 148 -652 1000 -55 -188 542 -47 328 843 -217 270 787 -402 786 -547 -164 -322 375 -38 -391 587 753 730 -120 -599 -966 -826 407 490 -576 -43 -795 -802 727 -525 -808 -195 -403 4 599 274 -815 -449 388 92 -473 -881 486
26 -212 262 116 -756 486 326 163 947 881 730 -300 -298 570 739 -658 -605 -208 -987 811 620 514 -972 -484 270 961 -176
31 140 219 -69 23 348 342 -350 737 -225 -491 431 -807 -797 -653 -249 968 351 -588 -225 919 201 225 -70 282 -598 -29 262 75 -956 617 -286
24 151 615 922 419 302 -273 166 142 843 780 -613 830 424 -183 265 857 323 -607 -99 -715 -890 -323 -326 165
61 -992 957 720 875 -736 276 127 -775 653 384 -384 -721 -991 810 -521 496 -433 501 360 297 -356 -623 -536 151 -888 -34 774 -534 -85 -109 468 -464 533 79 509 12 494 687 -857 828 -890 933 6 -120 -329 711 -896 585 659 115 -393 1 115 365 352 -704 476 -48 -379 890 -868
78 -655 536 746 994 524 210 -629 402 378 -23 764 760 574 -644 76 -830 -426 -766 227 1000 456 583 473 866 728 -114 -136 46 37 -350 -587 -423 481 372 -770 -267 413 343 714 -316 -176 -369 -998 -958 685 936 -937 -571 -483 443 -500 848 473 -201 -720 -891 880 -962 991 -968 -731 806 352 590 534 377 -4 -668 36 292 -495 -655 530 -33 -608 -356 -772 627
44 -607 171 360 -972 -156 922 266 -193 570 197 766 -358 931 943 435 -391 558 646 760 962 679 -608 -579 -25 740 909 -775 867 150 -985 -648 -731 305 933 -874 95 -366 -10 -737 849 199 -520 317 -350
88 763 274 -895 878 943 -832 884 380 -862 559 332 -43 -7 -36 417 -838 615 698 -992 -889 -760 -681 655 -323 -543 838 610 308 704 -911 -912 29 -330 154 -31 -217 109 445 -734 562 -120 -993 737 -695 204 180 -59 -489 -485 862 42 -774 833 -87 245 790 -894 -557 518 -223 -781 272 -452 -826 414 -147 -304 -507 -769 146 245 -857 -898 936 -549 -841 988 946 -746 111 -74 446 798 340 365 -508 -734 -325
1 864
54 -850 256 202 -365 -835 -859 -320 -99 -212 -919 419 -896 -517 -393 -935 499 292 943 -856 436 735 869 620 -804 924 545 600 772 355 -981 -332 -879 -490 -328 -584 214 627 -994 194 243 -856 -291 -688 890 830 357 -640 150 326 777 772 788 778 950
20 96 443 -670 345 701 -617 43 -197 602 647 -416 323 -969 -541 875 -594 -809 913 -714 -221
21 -140 2 680 500 -87 839 -308 -982 471 356 -641 352 19 240 582 772 309 -314 932 344 155
59 582 -948 -515 -245 142 32 928 978 326 307 815 -740 -150 -821 961 140 715 379 797 671 -267 223 859 -844 33 -8 657 -870 63 -758 -453 767 -242 -424 -561 -696 -110 -85 -55 -218 -396 -567 -847 961 184 172 -229 745 -315 -730 854 -929 -456 -768 921 990 887 -444 -535
5 255 648 362 213 -58
13 681 635 -49 -615 59 539 -112 -640 31 -581 173 46 -803
12 599 266 -774 391 -487 570 -775 -993 -570 -603 -488 493
32 560 -756 70 983 -484 -654 -524 -259 -52 554 3 -731 336 552 719 -507 -786 44 590 724 -467 -771 701 -915 937 447 -515 102 293 -59 -453 599
66 -879 -738 -247 -489 -744 708 837 796 -275 -583 622 843 881 260 930 -578 843 -16 -44 301 914 270 -13 -380 645 -517 -271 247 342 256 -986 -515 921 -734 -831 146 318 19 663 -903 969 24 -411 -284 190 37 958 638 -933 81 -177 408 885 -269 -900 -309 899 205 719 669 -874 -84 -436 -775 -894 637
74 126 610 379 648 -869 -821 714 -541 -623 100 736 590 -925 -129 666 998 -607 278 690 408 84 -809 558 -214 572 -579 -814 -53 833 339 -968 809 932 -686 -282 48 604 839 -924 507 -329 -799 -756 -992 595 440 -895 -23 403 -917 337 27 151 -34 -36 944 -572 -425 -465 682 184 997 -210 -897 375 -980 323 158 792 65 285 -203 497 -547